   0  11  1993.0145264    464046 336534.19    -14.38     89.46    -14.72    -14.11     89.43    -14.45    -14.10
   0  12  1993.0416260    458350 333263.19    -18.59     91.88    -16.01    -18.31     91.84    -15.73    -14.83
   0  13  1993.0688477    469751 341680.41    -18.27     88.84    -16.10    -17.98     88.78    -15.81    -14.50
   0  14  1993.0959473    419308 305385.69    -20.65     92.31    -16.41    -20.36     92.24    -16.12    -14.53
   0  15  1993.1231689    457057 330352.09    -14.87     90.17    -15.51    -14.56     90.12    -15.20    -13.43
   0  16  1993.1502686    414104 299613.00    -13.21     89.22    -14.28    -12.89     89.16    -13.97    -12.10
   0  17  1993.1774902    465309 336271.69    -12.11     87.33    -13.13    -11.79     87.26    -12.81    -10.87
   0  18  1993.2045898    463368 334622.09    -10.87     87.76    -12.28    -10.55     87.69    -11.95     -9.93
   0  19  1993.2318115    458699 330818.31    -11.05     87.16    -11.76    -10.72     87.09    -11.43     -9.30
 999  20  1993.2590332    464951 339271.69    -24.78     98.87    -11.57    -24.44     98.77    -11.23     -8.93
   0  21  1993.2861328    459131 330968.31    -12.78     85.18    -11.67    -12.42     85.11    -11.31     -8.78
   0  22  1993.3133545    467096 337210.50     -9.24     84.81    -12.03     -8.89     84.73    -11.67     -8.87
   0  23  1993.3404541    464816 336659.00    -11.58     84.16    -12.58    -11.22     84.09    -12.21     -9.13
   0  24  1993.3676758    465154 335430.69    -14.39     83.57    -13.07    -14.01     83.50    -12.70     -9.36
   0  25  1993.3947754    466926 336748.81    -15.34     83.69    -13.57    -14.96     83.62    -13.19     -9.65
   0  26  1993.4219971    468889 338639.91    -15.26     84.09    -13.53    -14.87     84.02    -13.14     -9.53
   0  27  1993.4490967    466542 337563.91    -12.32     84.11    -13.53    -11.92     84.06    -13.13     -9.60
   0  28  1993.4763184    466796 338521.31    -12.33     82.82    -13.33    -11.93     82.77    -12.93     -9.68
   0  29  1993.5034180    446428 325996.81    -12.86     81.38    -13.18    -12.45     81.34    -12.77    -10.00
   0  30  1993.5306396    459623 335947.69    -14.34     83.08    -12.99    -13.92     83.07    -12.57    -10.49
 999  31  1993.5578613    258037 192241.00    -16.17     91.04    -12.55    -15.75     91.01    -12.13    -10.91
   0  32  1993.5849609    455543 333925.09    -12.91     85.47    -11.79    -12.48     85.49    -11.36    -11.15
   0  33  1993.6121826    423309 310136.19    -12.59     86.09    -10.84    -12.16     86.09    -10.40    -11.28
   0  34  1993.6392822    452276 332649.19     -8.67     86.88     -9.89     -8.23     86.91     -9.44    -11.41
   0  35  1993.6665039    450000 331436.00     -7.37     86.54     -9.06     -6.92     86.59     -8.61    -11.61
   0  36  1993.6936035    452349 333173.41     -8.88     83.82     -8.27     -8.42     83.86     -7.81    -11.71
   0  37  1993.7208252    409888 302525.00    -10.00     84.24     -7.50     -9.53     84.29     -7.04    -11.64
   0  38  1993.7479248    454194 334469.69     -6.04     84.28     -6.66     -5.57     84.34     -6.19    -11.25
   0  39  1993.7751465    451304 332203.31     -2.49     85.63     -6.07     -2.01     85.71     -5.59    -10.84
   0  40  1993.8022461    453053 332058.81     -4.94     83.48     -5.98     -4.45     83.55     -5.50    -10.67
 999  41  1993.8294678    463914 344417.31    -14.97     93.06     -6.51    -14.47     93.06     -6.01    -10.84
   0  42  1993.8566895    461811 337073.81     -7.14     83.28     -7.31     -6.64     83.34     -6.80    -11.06
   0  43  1993.8837891    460494 334990.19     -8.75     83.36     -7.87     -8.24     83.39     -7.36    -10.90
   0  44  1993.9110107    450237 326530.41    -10.36     82.75     -8.02     -9.84     82.75     -7.49    -10.19
   0  45  1993.9381104    468785 339563.91     -8.97     82.52     -7.89     -8.44     82.52     -7.36     -9.18
   0  46  1993.9653320    470176 339030.09     -3.77     83.84     -7.77     -3.23     83.84     -7.23     -8.20
   0  47  1993.9924316    460601 332947.50     -6.89     83.69     -8.33     -6.34     83.67     -7.78     -7.98
   0  48  1994.0196533    470222 340000.09    -10.40     82.48     -8.57     -9.84     82.44     -8.01     -7.54
   0  49  1994.0467529    463320 335421.69     -8.49     81.74     -9.12     -7.93     81.68     -8.56     -7.57
   0  50  1994.0739746    462151 334932.00     -6.57     81.87    -10.09     -6.00     81.79     -9.52     -8.14
   0  51  1994.1010742    464508 334907.81    -12.30     81.39    -11.09    -11.73     81.28    -10.51     -8.88
   0  52  1994.1282959    470223 339668.50    -15.56     81.62    -11.79    -14.98     81.49    -11.21     -9.42
   0  53  1994.1555176    469424 339350.09    -14.47     83.24    -11.85    -13.88     83.12    -11.26     -9.37
   0  54  1994.1826172    461494 333163.50    -10.36     84.83    -11.19     -9.76     84.70    -10.59     -8.63
 999  55  1994.2098389    379265 277133.31    -20.66     91.71    -10.17    -20.07     91.55     -9.56     -7.52
   0  56  1994.2369385    465749 336279.31     -5.41     83.33     -9.53     -4.80     83.21     -8.91     -6.75
   0  57  1994.2641602    465288 335629.00     -9.26     82.53     -9.65     -8.64     82.42     -9.03     -6.69
   0  58  1994.2912598    465214 335591.09     -9.61     82.87    -10.70     -8.98     82.72    -10.07     -7.50
   0  59  1994.3184814    465056 334882.09    -11.11     82.32    -11.51    -10.47     82.17    -10.87     -8.02
   0  60  1994.3455811    469709 339320.50    -12.91     81.46    -12.67    -12.27     81.36    -12.02     -8.89
   0  61  1994.3728027    465551 336162.00    -14.63     82.40    -13.37    -13.97     82.30    -12.72     -9.33
   0  62  1994.3999023    466572 337316.50    -17.11     83.45    -14.21    -16.45     83.34    -13.55     -9.99
   0  63  1994.4271240    466866 337784.31    -14.90     81.04    -14.40    -14.23     80.91    -13.73    -10.12
   0  64  1994.4543457    464161 336805.69    -11.96     81.64    -14.29    -11.29     81.55    -13.62    -10.13
 999  65  1994.4814453    472113 348371.59    -26.40     89.41    -14.00    -25.73     89.27    -13.32    -10.14
   0  66  1994.5086670    443221 323972.81    -16.59     80.81    -13.57    -15.91     80.74    -12.89    -10.24
   0  67  1994.5357666    459842 335605.19    -12.46     81.40    -13.02    -11.76     81.34    -12.33    -10.40
   0  68  1994.5629883    452956 333509.50    -11.85     84.97    -12.39    -11.16     84.94    -11.69    -10.66
   0  69  1994.5900879    453078 332710.50    -11.89     86.35    -11.67    -11.19     86.35    -10.96    -10.95
   0  70  1994.6173096    454897 335090.91    -12.12     86.92    -10.83    -11.41     86.93    -10.12    -11.21
   0  71  1994.6444092    452949 334228.69     -9.89     87.70     -9.76     -9.17     87.73     -9.04    -11.21
   0  72  1994.6716309    449614 333021.19     -9.28     89.36     -8.87     -8.55     89.44     -8.14    -11.32
   0  73  1994.6987305    443962 328126.09     -5.74     91.02     -7.87     -5.00     91.13     -7.13    -11.18
   0  74  1994.7259521    449182 331571.19     -6.83     92.79     -7.08     -6.09     92.90     -6.33    -11.04
   0  75  1994.7530518    444342 328217.00     -7.54     90.07     -6.46     -6.79     90.19     -5.71    -10.83
   0  76  1994.7802734    442877 325179.69     -5.67     90.02     -6.03     -4.91     90.12     -5.28    -10.54
   0  77  1994.8074951    455501 333816.09     -3.72     90.30     -5.90     -2.96     90.39     -5.13    -10.25
   0  78  1994.8345947    456251 334943.41     -5.19     92.25     -6.20     -4.41     92.32     -5.43    -10.17
 999  79  1994.8618164    404635 301115.81     -5.10    100.37     -6.90     -4.32    100.44     -6.12    -10.26
   0  80  1994.8889160    456583 331629.50     -8.13     93.88     -7.57     -7.34     93.94     -6.78    -10.16
   0  81  1994.9161377    464696 336739.91    -11.20     90.49     -7.78    -10.40     90.50     -6.98     -9.51
   0  82  1994.9432373    470560 339876.81     -7.80     88.62     -7.52     -6.99     88.64     -6.71     -8.37
   0  83  1994.9704590    468517 338422.31     -5.87     89.79     -7.07     -5.06     89.78     -6.26     -7.07
   0  84  1994.9975586    467433 337547.00     -5.32     92.31     -7.01     -4.50     92.28     -6.19     -6.25
   0  85  1995.0247803    466950 337365.31     -5.67     92.99     -7.13     -4.84     92.94     -6.30     -5.72
   0  86  1995.0518799    468116 338395.91     -7.91     88.07     -7.35     -7.08     87.97     -6.52     -5.44
   0  87  1995.0791016    467197 338034.41     -5.16     90.84     -8.18     -4.32     90.70     -7.34     -5.91
   0  88  1995.1063232    465273 335947.81    -10.15     87.58     -9.07     -9.29     87.42     -8.22     -6.55
   0  89  1995.1334229    466176 337071.59    -14.53     86.92     -9.69    -13.68     86.74     -8.83     -7.02
   0  90  1995.1606445    467431 337477.09     -9.91     87.32     -9.65     -9.04     87.20     -8.79     -6.89
 999  91  1995.1877441    479289 349466.41    -14.53     97.21     -9.66    -13.67     97.04     -8.79     -6.82
   0  92  1995.2149658    462571 332926.59     -4.65     89.79     -9.63     -3.77     89.61     -8.75     -6.69
   0  93  1995.2420654    462311 334181.50    -11.04     85.78     -9.94    -10.16     85.62     -9.05     -6.86
   0  94  1995.2692871    465181 336070.41    -11.90     85.05    -10.44    -11.00     84.87     -9.54     -7.16
   0  95  1995.2963867    466003 336446.00    -11.28     85.11    -10.93    -10.37     84.93    -10.03     -7.41
   0  96  1995.3236084    464568 334817.00    -10.76     83.19    -11.28     -9.85     83.04    -10.37     -7.47
 999  97  1995.3507080    475028 348294.91    -22.99     90.42    -11.63    -22.08     90.21    -10.71     -7.53
   0  98  1995.3779297    467567 337362.69    -13.50     81.84    -11.93    -12.57     81.68    -11.00     -7.57
   0  99  1995.4051514    463375 333619.09    -11.77     79.49    -12.11    -10.83     79.35    -11.17     -7.59
   0 100  1995.4322510    451531 326755.31    -10.06     82.43    -12.32     -9.10     82.33    -11.38     -7.78
   0 101  1995.4594727    469428 340502.41    -13.10     81.47    -12.61    -12.16     81.38    -11.66     -8.21
   0 102  1995.4865723    463952 338260.59    -14.72     81.53    -12.89    -13.78     81.40    -11.94     -8.85
 999 103  1995.5137939    467869 346537.31    -15.85     87.76    -12.71    -14.90     87.64    -11.75     -9.22
   0 104  1995.5408936    456054 333788.81    -13.07     80.48    -12.66    -12.11     80.41    -11.69     -9.91
   0 105  1995.5681152    458305 336944.59    -13.24     80.35    -11.95    -12.26     80.30    -10.98    -10.13
   0 106  1995.5952148    458923 338425.81    -12.63     80.00    -10.89    -11.64     79.93     -9.91    -10.11
   0 107  1995.6224365    451521 333471.31     -9.60     82.27     -9.21     -8.62     82.31     -8.22     -9.51
   0 108  1995.6495361    452788 334006.00     -8.74     81.30     -7.73     -7.75     81.35     -6.74     -9.11
   0 109  1995.6767578    445597 328904.09     -5.59     80.91     -6.04     -4.59     81.00     -5.04     -8.40
   0 110  1995.7039795    454334 334998.69     -3.97     82.54     -4.27     -2.96     82.68     -3.27     -7.46
   0 111  1995.7310791    454266 334766.69      1.95     83.08     -3.55      2.96     83.27     -2.54     -7.35
   0 112  1995.7583008    458010 336377.19     -2.44     84.24     -2.59     -1.41     84.39     -1.57     -6.74
   0 113  1995.7854004    457888 335991.00     -3.48     85.08     -2.53     -2.45     85.22     -1.50     -6.75
 999 114  1995.8126221    465468 346181.59    -14.95     90.63     -2.70    -13.92     90.67     -1.66     -6.73
   0 115  1995.8397217    457426 333372.09     -3.32     81.45     -2.85     -2.28     81.53     -1.81     -6.45
   0 116  1995.8669434    463896 337875.69     -3.47     81.94     -2.99     -2.41     82.04     -1.93     -5.93
   0 117  1995.8940430    406470 295976.41     -1.07     82.45     -3.28      0.00     82.53     -2.22     -5.45
 999 118  1995.9212646      1250    897.60    -19.88     80.27     -3.96    -18.62     80.05     -2.88     -5.25
   0 119  1995.9483643    470518 339455.41     -5.73     82.22     -5.36     -4.64     82.23     -4.27     -5.76
   0 120  1995.9755859    466968 336805.69     -1.70     80.94     -6.64     -0.60     80.94     -5.54     -6.20
   0 121  1996.0028076    452388 325689.19     -8.26     81.83     -8.00     -7.16     81.70     -6.89     -6.82
   0 122  1996.0297852    464147 334866.50    -11.11     82.70     -9.36    -10.01     82.55     -8.26     -7.58
   0 123  1996.0568848    318893 228970.59    -13.44     82.57    -10.27    -12.32     82.36     -9.16     -8.01
   0 124  1996.0839844    470491 339808.91    -13.81     83.14    -10.18    -12.69     82.91     -9.06     -7.58
   0 125  1996.1110840    464851 335557.69     -7.10     84.58    -10.20     -5.97     84.40     -9.07     -7.37
 999 126  1996.1381836    480512 349596.31    -16.32     90.34     -9.68    -15.21     90.08     -8.54     -6.71
   0 127  1996.1652832    455686 328254.19     -7.53     83.80     -9.37     -6.39     83.58     -8.22     -6.31
   0 128  1996.1923828    469651 338983.00    -10.65     84.86     -9.36     -9.50     84.62     -8.20     -6.22
   0 129  1996.2194824    462041 332675.31     -9.14     85.19     -9.50     -7.97     84.92     -8.33     -6.25
   0 130  1996.2465820    470998 340043.00     -9.18     86.75     -9.61     -8.00     86.44     -8.44     -6.22
   0 131  1996.2736816    468577 337026.09    -10.40     84.78     -9.42     -9.22     84.50     -8.24     -5.82
   0 132  1996.3007812    466429 335760.00    -11.68     82.59     -9.20    -10.50     82.28     -8.01     -5.34
   0 133  1996.3278809    470434 339052.50     -7.87     82.32     -8.87     -6.67     82.10     -7.67     -4.72
   0 134  1996.3549805    468909 338344.59     -6.95     84.36     -8.40     -5.75     84.15     -7.20     -3.97
   0 135  1996.3820801    468256 337431.69     -8.49     82.76     -8.01     -7.29     82.57     -6.81     -3.35
   0 136  1996.4091797    467458 337462.00     -7.09     82.89     -7.70     -5.87     82.76     -6.49     -2.90
   0 137  1996.4361572    468365 337933.41     -8.25     81.74     -7.34     -7.03     81.57     -6.12     -2.53
 999 138  1996.4632568    471291 347304.31    -13.87     87.15     -6.82    -12.66     86.92     -5.59     -2.18
   0 139  1996.4903564    462062 335788.09     -6.04     81.07     -6.13     -4.79     80.96     -4.89     -1.86
   0 140  1996.5174561    461292 335569.91     -6.82     80.23     -5.39     -5.58     80.21     -4.14     -1.70
   0 141  1996.5445557    459081 336165.41     -5.26     81.33     -4.70     -4.01     81.36     -3.45     -1.79
   0 142  1996.5716553    460001 337835.91     -1.40     82.93     -4.16     -0.15     83.01     -2.90     -2.18
   0 143  1996.5987549    456336 335106.31     -3.65     81.04     -3.79     -2.40     81.09     -2.54     -2.87
   0 144  1996.6258545    444684 327755.41     -4.31     81.20     -3.36     -3.04     81.31     -2.09     -3.52
   0 145  1996.6529541    449624 331947.31     -3.47     82.80     -3.00     -2.21     82.95     -1.73     -4.23
   0 146  1996.6800537    452219 334625.19     -5.10     83.60     -2.18     -3.83     83.75     -0.91     -4.38
   0 147  1996.7071533    437897 324404.19     -1.17     84.53     -0.99      0.09     84.72      0.29     -3.99
   0 148  1996.7342529    434185 321379.91      3.09     87.53      0.46      4.40     87.77      1.75     -3.11
   0 149  1996.7613525    455832 336321.41      2.07     84.20      2.04      3.36     84.46      3.34     -1.85
 999 150  1996.7884521    436306 326488.59     -5.90     88.83      3.44     -4.62     88.96      4.75     -0.49
   0 151  1996.8155518    458933 337903.31      5.52     85.43      4.16      6.83     85.68      5.47      0.44
   0 152  1996.8426514    462146 339164.69      8.39     85.59      3.89      9.71     85.87      5.22      0.64
   0 153  1996.8696289    456321 335054.91      5.20     87.88      2.81      6.53     88.11      4.15      0.22
   0 154  1996.8967285    462860 338845.09     -1.70     86.05      1.27     -0.35     86.16      2.61     -0.54
   0 155  1996.9238281    465071 337982.09     -1.06     85.30     -0.37      0.30     85.36      0.99     -1.29
   0 156  1996.9509277    469252 339440.59     -0.29     84.39     -1.81      1.06     84.41     -0.45     -1.87
   0 157  1996.9780273    460216 332155.41     -4.68     86.86     -3.28     -3.32     86.80     -1.92     -2.51
   0 158  1997.0051270    471473 340379.50     -6.02     86.48     -4.39     -4.65     86.41     -3.02     -2.89
   0 159  1997.0323486    472578 340462.31     -4.14     86.84     -5.24     -2.75     86.82     -3.86     -3.13
   0 160  1997.0594482    471961 341482.41     -8.02     87.93     -5.85     -6.63     87.83     -4.47     -3.28
   0 161  1997.0866699    472461 341883.69     -5.96     86.46     -6.27     -4.57     86.33     -4.88     -3.37
 999 162  1997.1137695    481307 349843.19    -13.51     91.81     -6.52    -12.13     91.56     -5.12     -3.40
   0 163  1997.1409912    469197 340653.19     -6.96     86.77     -6.59     -5.57     86.55     -5.18     -3.34
   0 164  1997.1682129    467255 338273.50     -6.66     87.20     -6.45     -5.26     87.02     -5.04     -3.12
   0 165  1997.1953125    464845 335544.59     -7.72     89.79     -6.16     -6.29     89.58     -4.74     -2.75
   0 166  1997.2225342    465308 335054.81     -5.46     87.65     -5.83     -4.02     87.39     -4.40     -2.31
   0 167  1997.2496338    466599 336993.91     -4.10     87.27     -5.71     -2.66     87.02     -4.26     -2.02
   0 168  1997.2768555    464533 333991.19     -3.21     86.42     -5.61     -1.76     86.19     -4.16     -1.72
   0 169  1997.3039551    465880 335120.19     -8.43     84.52     -5.61     -6.96     84.23     -4.15     -1.45
   0 170  1997.3311768    467948 336879.50     -7.26     84.14     -5.54     -5.79     83.95     -4.07     -1.09
   0 171  1997.3582764    466379 335451.91     -3.40     83.68     -5.26     -1.92     83.64     -3.78     -0.52
   0 172  1997.3854980    466919 337152.59     -6.75     85.20     -4.79     -5.27     85.12     -3.31      0.17
   0 173  1997.4125977    465975 336586.31     -1.68     87.49     -4.19     -0.20     87.44     -2.71      0.89
 999 174  1997.4398193    226898 166197.09     -9.56     95.41     -3.59     -8.10     95.25     -2.11      1.47
   0 175  1997.4670410    466398 338037.50     -4.78     87.77     -2.85     -3.30     87.73     -1.36      2.01
   0 176  1997.4941406    458160 332680.81     -2.87     90.43     -1.95     -1.38     90.43     -0.45      2.51
   0 177  1997.5213623    461786 337953.19     -2.52     90.61     -0.86     -1.02     90.68      0.64      2.98
   0 178  1997.5484619    461361 338402.59      3.11     92.75      0.43      4.62     92.90      1.94      3.47
   0 179  1997.5756836    458067 336507.31      1.63     92.86      2.11      3.15     93.07      3.62      4.19
 999 180  1997.6027832    444853 331977.31     -5.33     99.72      3.79     -3.81     99.81      5.31      4.82
   0 181  1997.6300049    454158 335328.00      4.66     97.64      5.57      6.19     97.90      7.09      5.49
   0 182  1997.6571045    446055 329742.69      7.27    101.03      7.11      8.80    101.37      8.64      5.98
   0 183  1997.6843262    443328 327612.81      8.40    102.88      8.38      9.93    103.27      9.92      6.31
   0 184  1997.7114258    449399 332213.31     10.30    105.96      9.47     11.84    106.34     11.02      6.64
   0 185  1997.7386475    443227 327841.19     11.65    106.33     10.41     13.20    106.73     11.97      7.04
 999 186  1997.7658691    417177 309994.81     12.16    112.90     10.78     13.73    113.28     12.35      7.13
   0 187  1997.7929688    452266 331599.50     13.43    111.03     11.27     15.02    111.46     12.85      7.62
   0 188  1997.8201904    456338 333520.91     10.08    110.37     10.96     11.67    110.75     12.55      7.58
   0 189  1997.8472900    456732 332839.91     13.05    112.51     10.24     14.65    112.85     11.84      7.36
   0 190  1997.8745117    457011 332837.59      9.21    115.06      9.03     10.82    115.30     10.63      6.83
   0 191  1997.9016113    450833 328210.41      6.75    112.16      7.98      8.34    112.36      9.59      6.60
   0 192  1997.9288330    459303 333445.19      8.79    115.55      6.68     10.41    115.71      8.29      6.17
   0 193  1997.9559326    455112 328241.41      3.59    114.38      5.35      5.21    114.48      6.97      5.71
   0 194  1997.9831543    467936 337496.00      4.26    110.61      4.25      5.90    110.68      5.88      5.43
   0 195  1998.0102539    463456 335884.31      0.31    107.94      3.47      1.92    107.97      5.10      5.35
   0 196  1998.0374756    455188 328301.91      3.58    102.50      3.02      5.22    102.58      4.66      5.49
 999 197  1998.0646973    411134 299995.00     -5.33    106.70      2.83     -3.71    106.64      4.48      5.74
   0 198  1998.0917969    460859 332239.50      3.21    104.83      2.73      4.87    104.80      4.40      5.96
   0 199  1998.1190186    459876 331964.91      3.09    101.12      2.67      4.78    101.09      4.35      6.10
   0 200  1998.1461182    420074 302505.59      1.60     99.58      2.70      3.27     99.51      4.39      6.25
   0 201  1998.1733398    463159 335309.81      1.39     99.30      2.87      3.10     99.26      4.58      6.51
   0 202  1998.2004395    462199 334150.31      4.48     97.15      3.18      6.21     97.12      4.89      6.90
   0 203  1998.2276611    461073 333456.31      3.41     98.67      3.38      5.13     98.51      5.10      7.21
   0 204  1998.2547607    456740 328974.19      3.78     95.80      3.64      5.50     95.72      5.36      7.63
   0 205  1998.2819824    456928 329757.31      4.81     96.49      3.54      6.52     96.41      5.26      7.75
   0 206  1998.3090820    458431 330686.59      4.32     95.84      3.08      6.07     95.76      4.81      7.56
   0 207  1998.3363037    402339 289077.19      3.19     95.41      2.24      4.96     95.35      3.98      7.02
   0 208  1998.3635254    406612 292389.41     -1.20     94.39      1.10      0.51     94.40      2.84      6.15
 999 209  1998.3906250    379784 278333.09     -3.24     98.91      0.15     -1.56     98.82      1.90      5.41
   0 210  1998.4178467    435539 314670.91     -1.69     95.31     -0.88      0.06     95.23      0.87      4.48
   0 211  1998.4449463    454333 329666.50     -1.95     96.15     -1.20     -0.18     96.04      0.56      4.11
   0 212  1998.4721680    419247 304321.50     -2.31     94.53     -1.16     -0.56     94.59      0.61      3.92
   0 213  1998.4992676    462755 337172.19      0.18     92.32     -0.99      1.95     92.40      0.78      3.64
   0 214  1998.5264893    465124 339042.50      0.52     89.24     -0.81      2.31     89.41      0.97      3.17
   0 215  1998.5535889    458854 335767.69     -2.13     91.04     -0.49     -0.35     91.25      1.30      2.66
 999 216  1998.5808105    378969 281739.50     -6.87     96.67     -0.22     -5.15     96.80      1.57      1.94
   0 217  1998.6079102    407412 299781.91     -0.26     88.45      0.69      1.55     88.62      2.49      1.79
   0 218  1998.6351318    452461 333786.50     -0.84     89.85      1.43      0.95     90.11      3.23      1.43
   0 219  1998.6623535    446879 329919.19      2.55     90.58      2.55      4.37     90.93      4.35      1.50
   0 220  1998.6894531    443031 328787.69      4.68     89.25      3.67      6.48     89.66      5.48      1.71
   0 221  1998.7166748    453434 335828.09      5.56     89.41      4.72      7.36     89.83      6.53      2.02
   0 222  1998.7437744    449313 332885.31      5.69     88.21      5.46      7.51     88.57      7.28      2.27
   0 223  1998.7709961    449228 332322.81      7.19     90.62      6.36      9.03     91.03      8.19      2.95
 999 224  1998.7980957    455749 340455.91     -2.60     96.63      6.86     -0.75     96.90      8.70      3.50
   0 225  1998.8253174    454281 334488.59      8.78     90.04      6.99     10.63     90.51      8.84      3.95
   0 226  1998.8524170    457040 335492.41      7.33     87.76      6.75      9.19     88.12      8.61      4.24
   0 227  1998.8796387    446881 327046.81      6.65     88.32      6.27      8.52     88.54      8.15      4.49
   0 228  1998.9067383    448193 326799.00      2.95     87.16      5.88      4.83     87.26      7.77      4.94
   0 229  1998.9339600    461513 335695.09      8.52     87.46      5.44     10.42     87.62      7.33      5.37
   0 230  1998.9611816    432246 312870.31      4.10     85.80      5.00      6.01     85.95      6.89      5.79
   0 231  1998.9882812    435151 314830.81      4.76     85.04      4.53      6.64     85.16      6.43      6.12
   0 232  1999.0155029    443720 321015.00      2.58     84.66      4.06      4.48     84.70      5.97      6.35
   0 233  1999.0426025    465855 336821.09      4.67     84.59      3.66      6.59     84.54      5.58      6.50
 999 234  1999.0698242    473709 345035.19     -7.39     92.54      3.42     -5.47     92.28      5.35      6.68
   0 235  1999.0969238    463594 334908.59     -0.32     88.95      3.40      1.62     88.87      5.36      6.96
   0 236  1999.1241455    334368 241786.00      6.35     89.19      3.52      8.35     89.12      5.49      7.26
   0 237  1999.1512451    455804 329426.91      3.65     87.09      3.64      5.62     86.94      5.62      7.49
   0 238  1999.1784668    463443 334593.81      4.28     87.58      3.62      6.26     87.38      5.60      7.55
   0 239  1999.2055664    465335 335743.59      2.69     89.80      3.49      4.68     89.59      5.48      7.50
   0 240  1999.2327881    463956 335964.50      3.98     91.87      3.27      5.98     91.57      5.26      7.40
   0 241  1999.2600098    467277 336902.09      2.00     91.82      3.06      4.01     91.50      5.07      7.38
   0 242  1999.2871094    467451 337177.19      3.98     92.13      2.72      6.00     91.96      4.73      7.27
 999 243  1999.3143311    445760 325028.81      0.92     98.25      2.20      2.93     98.10      4.22      7.03
   0 244  1999.3414307    464213 335128.00      1.14     89.56      1.58      3.16     89.39      3.60      6.69
   0 245  1999.3686523    465283 336575.19      2.66     87.84      1.00      4.69     87.71      3.03      6.38
   0 246  1999.3957520    465917 338456.00     -1.42     87.27      0.59      0.60     87.11      2.62      6.16
   0 247  1999.4229736    464440 337230.91      0.93     85.89      0.41      2.97     85.83      2.44      6.05
   0 248  1999.4500732    464733 337492.50     -1.79     85.44      0.53      0.25     85.39      2.57      6.09
   0 249  1999.4772949    466027 339344.41      0.86     81.59      1.09      2.90     81.56      3.14      6.38
   0 250  1999.5043945    458664 336021.41      2.26     83.44      1.57      4.32     83.49      3.62      6.37
   0 251  1999.5316162    458357 335982.91      2.28     83.00      2.30      4.34     83.12      4.35      6.41
   0 252  1999.5588379    454784 333887.50      2.43     82.61      3.11      4.48     82.77      5.16      6.34
   0 253  1999.5859375    455355 336158.59      3.95     83.47      4.06      6.00     83.74      6.12      6.29
   0 254  1999.6131592    450131 333534.50      3.81     84.34      5.26      5.87     84.65      7.32      6.40
   0 255  1999.6402588    451073 333844.31      9.02     84.34      6.78     11.08     84.75      8.85      6.84
 999 256  1999.6674805    177761 133165.20      6.55     93.70      8.55      8.67     94.13     10.63      7.59
   0 257  1999.6945801    453082 335811.91      9.29     86.59     10.25     11.38     87.05     12.33      8.40
   0 258  1999.7218018    450561 333153.69     12.20     87.20     11.61     14.31     87.71     13.71      9.09
   0 259  1999.7489014    411893 304910.00     11.35     88.64     12.37     13.44     89.20     14.47      9.40
   0 260  1999.7761230    411070 303859.50     16.14     88.45     13.16     18.22     88.98     15.26     10.01
   0 261  1999.8032227    448353 331207.69     14.97     88.50     13.29     17.07     88.94     15.41     10.25
   0 262  1999.8304443    460366 338685.50     13.09     88.81     12.93     15.22     89.23     15.06     10.25
   0 263  1999.8576660    459655 336768.00     11.41     89.70     12.59     13.56     90.16     14.74     10.50
   0 264  1999.8847656    447284 325853.91     12.12     87.97     12.16     14.31     88.38     14.32     10.81
   0 265  1999.9119873    464140 337858.31     10.57     87.71     11.85     12.74     88.00     14.02     11.36
 999 266  1999.9390869    444054 326035.50     14.75     93.35     11.58     16.88     93.61     13.76     11.97
   0 267  1999.9663086    467504 339506.19     13.07     87.35     11.17     15.28     87.56     13.36     12.42
   0 268  1999.9934082    463912 336954.81     12.80     86.96     10.55     14.98     87.10     12.74     12.57
   0 269  2000.0205078    462074 335387.19      7.30     84.17      9.78      9.48     84.31     11.98     12.47
   0 270  2000.0476074    471098 340419.69      9.31     85.82      8.96     11.52     85.94     11.16     12.17
   0 271  2000.0747070    464874 336096.50      9.94     87.65      8.25     12.15     87.64     10.45     11.84
   0 272  2000.1018066    464168 336082.09      5.61     87.42      7.68      7.81     87.27      9.89     11.53
   0 273  2000.1289062    467381 338922.00      5.39     87.83      7.12      7.58     87.75      9.34     11.13
   0 274  2000.1560059    466676 337920.69      7.23     90.30      7.00      9.47     90.10      9.23     11.12
   0 275  2000.1831055    455331 329115.69      7.28     90.85      7.07      9.54     90.66      9.32     11.28
   0 276  2000.2102051    466558 336837.09      6.68     91.24      7.17      8.95     90.98      9.43     11.47
   0 277  2000.2373047    464255 334579.69      9.00     92.44      7.04     11.27     92.22      9.31     11.47
 999 278  2000.2644043    270670 197647.20      6.98     99.18      6.50      9.23     98.96      8.78     11.12
   0 279  2000.2915039    465779 336710.91      6.90     90.50      5.59      9.19     90.35      7.88     10.46
   0 280  2000.3186035    463162 334732.69      5.33     90.58      4.60      7.64     90.43      6.90      9.75
   0 281  2000.3457031    465325 336244.91      2.00     89.33      3.80      4.31     89.09      6.11      9.24
   0 282  2000.3728027    463872 336446.81      2.01     89.56      3.46      4.32     89.45      5.78      9.17
   0 283  2000.3997803    464460 336668.50      2.80     87.98      3.09      5.11     88.02      5.41      8.97
   0 284  2000.4268799    463306 337101.81      4.05     87.01      3.10      6.39     87.06      5.42      9.03
   0 285  2000.4539795    464613 339120.91      3.07     84.82      3.07      5.39     84.80      5.39      8.88
   0 286  2000.4810791    462863 337333.31      2.29     85.45      3.17      4.59     85.53      5.49      8.67
   0 287  2000.5081787    461717 338530.59      2.75     83.91      3.43      5.07     83.98      5.75      8.42
   0 288  2000.5352783    454703 333325.69      4.63     84.47      3.97      6.97     84.63      6.29      8.24
 999 289  2000.5623779    427587 317644.59      6.68     89.72      4.93      9.00     89.92      7.26      8.32
   0 290  2000.5894775    449989 331848.69      2.85     83.68      6.24      5.18     84.03      8.58      8.61
   0 291  2000.6165771    441314 326789.41      7.59     82.88      7.69      9.91     83.25     10.03      8.98
   0 292  2000.6436768    453002 335818.81     11.42     84.96      9.30     13.76     85.48     11.64      9.50
   0 293  2000.6707764    450323 334613.59      8.93     85.25     10.67     11.27     85.72     13.02      9.86
   0 294  2000.6978760    450209 333772.19      9.86     87.46     12.32     12.23     87.98     14.68     10.66
   0 295  2000.7249756    436683 324133.81     14.94     86.24     13.83     17.30     86.89     16.20     11.51
   0 296  2000.7520752    446170 329150.91     18.59     85.45     15.47     21.00     86.20     17.86     12.75
   0 297  2000.7791748    454997 335178.81     19.01     84.90     16.46     21.41     85.58     18.85     13.59
   0 298  2000.8061523    454443 334504.41     16.30     86.69     16.81     18.69     87.35     19.21     14.08
 999 299  2000.8332520    436823 324742.59     26.51     94.94     16.54     28.92     95.73     18.94     14.18
   0 300  2000.8603516    456317 332594.09     17.98     86.24     15.62     20.42     86.90     18.04     13.87
   0 301  2000.8874512    414733 303377.19     14.68     87.07     14.88     17.05     87.51     17.30     13.88
   0 302  2000.9145508    435726 316942.09     14.48     85.19     13.90     16.92     85.55     16.33     13.75
   0 303  2000.9416504    463438 335610.91     12.41     85.31     12.97     14.82     85.57     15.41     13.70
   0 304  2000.9687500    470405 339570.31     11.19     85.92     12.14     13.66     86.12     14.59     13.73
   0 305  2000.9958496    466836 336783.81     11.62     83.36     11.59     14.09     83.54     14.05     13.95
   0 306  2001.0230713    464110 334691.50      9.56     83.16     10.91     12.05     83.31     13.38     13.92
 999 307  2001.0501709    384267 278728.59     13.41     88.78     10.55     15.93     88.92     13.03     14.08
   0 308  2001.0773926    467384 338055.19     10.09     84.47     10.41     12.58     84.43     12.90     14.32
   0 309  2001.1044922    468758 339565.41     11.41     87.74     10.47     13.91     87.77     12.97     14.63
   0 310  2001.1317139    466947 338523.31      7.94     88.25     10.68     10.43     88.18     13.20     15.01
   0 311  2001.1588135    464712 335090.09     11.22     89.66     10.95     13.75     89.55     13.47     15.37
   0 312  2001.1860352    466277 336123.41     14.90     90.17     11.16     17.44     90.11     13.69     15.66
   0 313  2001.2131348    460974 331830.41      8.73     87.69     11.14     11.29     87.41     13.69     15.74
   0 314  2001.2403564    462019 333797.91     11.64     88.88     11.17     14.20     88.58     13.73     15.91
   0 315  2001.2674561    463260 334162.41     11.06     89.61     10.97     13.64     89.34     13.54     15.91
   0 316  2001.2946777    464300 334689.91     12.58     87.47     10.59     15.14     87.30     13.16     15.77
   0 317  2001.3217773    465106 336514.41      9.93     87.70     10.03     12.50     87.55     12.61     15.49
   0 318  2001.3489990    462357 334753.81      8.57     86.43      9.39     11.16     86.41     11.98     15.15
   0 319  2001.3762207    464189 335647.31      8.33     84.73      8.87     10.92     84.74     11.46     14.87
   0 320  2001.4033203    461772 333883.59      8.14     83.84      8.62     10.73     83.79     11.22     14.79
   0 321  2001.4305420    420836 302571.91      7.96     82.51      8.80     10.59     82.56     11.40     15.00
   0 322  2001.4576416    424671 306511.91      6.57     82.14      9.45      9.16     82.22     12.05     15.51
   0 323  2001.4848633    451761 328872.91     10.50     83.88     10.47     13.08     84.09     13.07     16.19
   0 324  2001.5119629    458020 333616.41     13.04     83.89     11.60     15.63     84.25     14.21     16.79
   0 325  2001.5391846    452709 331248.41     14.89     83.02     12.62     17.53     83.46     15.23     17.06
   0 326  2001.5662842    448242 329520.09     11.17     84.16     13.44     13.81     84.65     16.06     16.98
   0 327  2001.5935059    441885 325042.00     15.75     85.91     14.25     18.34     86.45     16.87     16.75
   0 328  2001.6206055    456769 336974.91     13.61     83.93     15.29     16.22     84.41     17.92     16.70
   0 329  2001.6478271    455738 335623.00     13.99     85.44     16.75     16.64     86.13     19.38     17.08
   0 330  2001.6750488    448545 331195.50     17.43     87.09     18.54     20.07     87.92     21.18     17.88
   0 331  2001.7021484    446035 329043.09     23.73     88.79     20.24     26.38     89.73     22.88     18.74
   0 332  2001.7293701    444929 328577.91     23.56     87.44     21.36     26.20     88.36     24.01     19.23
   0 333  2001.7564697    450491 333191.31     26.02     87.80     21.68     28.68     88.72     24.35     19.20
   0 334  2001.7836914    455066 335189.09     20.23     86.23     21.43     22.91     87.17     24.10     18.84
   0 335  2001.8107910    454787 333966.09     16.18     88.50     21.07     18.86     89.35     23.75     18.66
   0 336  2001.8380127    454938 333985.59     21.47     89.45     20.81     24.17     90.41     23.50     18.83
   0 337  2001.8651123    458569 335949.41     24.40     89.95     20.49     27.10     90.83     23.20     19.15
   0 338  2001.8923340    423434 309418.69     20.47     86.99     19.88     23.18     87.64     22.59     19.31
   0 339  2001.9194336    462875 338196.91     19.59     85.96     18.94     22.31     86.54     21.66     19.23
   0 340  2001.9466553    462635 336070.31     15.31     84.29     17.89     18.05     84.79     20.61     19.06
   0 341  2001.9738770    462129 336056.41     16.32     85.97     16.97     19.06     86.44     19.70     18.99
   0 342  2002.0009766    464866 337046.81     18.49     87.17     16.27     21.23     87.65     19.01     19.04
   0 343  2002.0281982    455887 330127.81     13.08     85.96     15.78     15.83     86.24     18.53     19.18
   0 344  2002.0552979    460404 332937.81     15.13     84.24     15.48     17.87     84.46     18.23     19.36
   0 345  2002.0825195    463849 336549.91     16.66     86.20     15.35     19.38     86.46     18.10     19.57
   0 346  2002.1096191    462539 334793.91     13.93     84.85     15.28     16.72     85.09     18.05     19.74
   0 347  2002.1368408    465959 337325.00     14.93     85.03     15.17     17.72     85.25     17.95     19.78
   0 348  2002.1639404    458366 331429.91     18.40     84.13     14.91     21.22     84.29     17.71     19.62
   0 349  2002.1911621    460767 333074.50     12.99     84.96     14.49     15.78     84.85     17.30     19.28
   0 350  2002.2182617    459601 331294.91     13.03     84.09     14.00     15.85     83.97     16.82     18.89
   0 351  2002.2454834    463611 334420.69     13.48     86.31     13.53     16.31     86.17     16.36     18.57
   0 352  2002.2727051    461372 331673.41     15.23     84.85     13.09     18.09     84.85     15.93     18.34
   0 353  2002.2998047    431100 310410.59     10.27     81.25     12.71     13.10     81.25     15.56     18.22
   0 354  2002.3270264    458562 331528.59     12.60     83.22     12.40     15.48     83.36     15.27     18.21
   0 355  2002.3541260    466063 336314.41     11.86     83.34     12.13     14.74     83.37     15.00     18.22
   0 356  2002.3813477    473896 341844.09     13.36     84.40     11.85     16.24     84.57     14.72     18.17
   0 357  2002.4084473    473171 341329.50     12.47     82.97     11.60     15.36     83.21     14.48     18.07
   0 358  2002.4356689    472390 343206.91      8.17     82.09     11.61     11.04     82.27     14.48     18.07
   0 359  2002.4627686    468400 341938.31      9.47     81.92     12.12     12.34     82.10     14.99     18.40
   0 360  2002.4899902    467816 341274.09     14.22     85.23     13.21     17.07     85.39     16.08     19.12
   0 361  2002.5170898    471626 344354.91     13.72     85.74     14.72     16.59     86.10     17.59     20.04
   0 362  2002.5443115    463706 340174.69     16.46     86.78     16.44     19.34     87.42     19.32     20.99
   0 363  2002.5715332    464602 341853.09     18.40     88.05     18.16     21.28     88.85     21.03     21.75
   0 364  2002.5986328    462164 339735.59     20.43     86.65     19.67     23.28     87.50     22.55     22.22
   0 365  2002.6258545    463264 341401.31     23.51     89.02     20.87     26.40     89.95     23.76     22.33
   0 366  2002.6529541    459028 339150.50     20.66     89.92     21.80     23.55     90.88     24.69     22.19
   0 367  2002.6801758    458258 338948.00     22.09     94.40     22.59     24.99     95.43     25.49     22.01
   0 368  2002.7072754    458749 338104.19     23.21     95.30     23.38     26.13     96.32     26.30     22.02
   0 369  2002.7344971    460110 338367.50     25.16     94.92     24.23     28.09     95.94     27.16     22.29
   0 370  2002.7615967    460216 337824.19     23.54     94.26     25.06     26.50     95.23     28.01     22.82
   0 371  2002.7888184    461468 338628.50     26.15     98.50     25.73     29.11     99.60     28.68     23.44
   0 372  2002.8159180    458065 334808.69     30.25     99.87     25.99     33.24    101.00     28.96     23.93
   0 373  2002.8431396    462961 338680.00     25.44     98.48     25.73     28.37     99.37     28.70     24.13
   0 374  2002.8703613    468756 342054.41     25.78     96.12     24.96     28.74     96.97     27.94     24.03
   0 375  2002.8974609    471589 342368.69     24.28     93.88     23.90     27.27     94.66     26.89     23.77
   0 376  2002.9246826    471069 341073.31     21.62     93.16     22.77     24.63     93.92     25.77     23.51
   0 377  2002.9517822    472776 340489.09     21.38     94.16     21.74     24.41     94.91     24.75     23.36
   0 378  2002.9790039    475730 342727.69     21.38     92.86     20.93     24.41     93.53     23.95     23.39
   0 379  2003.0061035    476608 343760.69     19.26     91.98     20.45     22.27     92.37     23.48     23.63
   0 380  2003.0333252    476871 344983.09     16.78     91.47     20.34     19.81     91.77     23.37     24.12
   0 381  2003.0604248    467296 337965.81     22.53     90.58     20.44     25.54     91.03     23.47     24.67
   0 382  2003.0876465    475319 344166.41     21.72     90.08     20.47     24.76     90.46     23.50     25.02
   0 383  2003.1147461    473620 343132.91     23.05     89.84     20.21     26.06     90.26     23.25     24.97
   0 384  2003.1419678    474402 343517.41     17.59     90.23     19.75     20.65     90.55     22.80     24.65
   0 385  2003.1691895    466022 336419.81     17.82     90.78     19.32     20.89     91.01     22.38     24.30
   0 386  2003.1962891    472240 340909.59     18.57     92.01     19.10     21.62     92.23     22.17     24.17
   0 387  2003.2235107    472520 341102.59     19.76     91.04     19.02     22.84     91.28     22.10     24.20
   0 388  2003.2506104    467768 337226.81     19.89     90.25     18.90     23.00     90.52     22.00     24.24
   0 389  2003.2778320    451737 325556.59     19.01     88.60     18.63     22.12     88.85     21.74     24.19
   0 390  2003.3049316    469880 339755.41     18.22     89.01     18.23     21.34     89.12     21.35     24.06
   0 391  2003.3321533    472357 341285.69     17.07     89.03     17.77     20.21     89.29     20.90     23.89
   0 392  2003.3592529    477792 345119.41     17.10     87.88     17.32     20.23     88.15     20.46     23.73
   0 393  2003.3864746    469936 340479.00     17.89     88.61     16.89     21.05     88.88     20.03     23.52
   0 394  2003.4135742    472825 342484.09     16.75     85.80     16.50     19.90     86.11     19.65     23.25
   0 395  2003.4407959    470335 340483.91     13.85     85.79     16.28     17.00     86.15     19.42     22.99
   0 396  2003.4680176    469152 340982.50     16.84     85.60     16.32     19.98     86.17     19.47     22.83
   0 397  2003.4951172    466559 339374.00     15.08     85.65     16.70     18.23     86.35     19.85     22.79
   0 398  2003.5223389    467205 342300.31     16.98     86.95     17.36     20.14     87.68     20.51     22.82
   0 399  2003.5494385    464336 341396.50     19.29     87.84     18.21     22.43     88.74     21.37     22.87
   0 400  2003.5766602    458776 338005.69     18.06     88.25     19.23     21.22     89.10     22.38     22.91
   0 401  2003.6037598    458945 338149.91     20.80     88.25     20.41     23.94     89.33     23.57     23.04
   0 402  2003.6309814    459990 338414.69     18.92     87.72     21.78     22.09     88.81     24.94     23.30
   0 403  2003.6580811    460492 339217.19     25.08     91.86     23.22     28.25     92.99     26.39     23.70
   0 404  2003.6853027    457675 339000.81     26.29     90.90     24.58     29.45     92.05     27.76     24.12
   0 405  2003.7124023    417206 307971.31     25.18     90.82     25.73     28.36     92.07     28.91     24.50
   0 406  2003.7396240    457082 337651.59     26.50     92.82     26.61     29.69     94.12     29.80     24.85
   0 407  2003.7668457    456132 337051.31     28.80     94.51     27.18     32.00     95.82     30.38     25.16
   0 408  2003.7939453    461369 339849.69     27.27     93.39     27.32     30.48     94.59     30.53     25.31
   0 409  2003.8211670    459801 338287.81     31.02     95.38     26.93     34.24     96.68     30.16     25.20
   0 410  2003.8482666    462736 340466.81     25.86     95.02     26.11     29.07     96.20     29.37     24.91
   0 411  2003.8754883    402231 294684.50     23.83     91.52     25.20     27.05     92.60     28.48     24.71
   0 412  2003.9025879     81060  58873.30     20.65     96.91     24.52     24.14     97.70     27.82     24.86
   0 413  2003.9298096    468007 339819.09     25.78     91.93     24.15     29.04     92.78     27.45     25.36
   0 414  2003.9569092    473948 343551.41     26.02     90.92     23.97     29.30     91.75     27.27     26.05
   0 415  2003.9841309    479615 346426.91     22.32     89.40     23.84     25.62     90.02     27.14     26.72
   0 416  2004.0112305    479198 346650.00     21.41     88.44     23.66     24.72     88.90     26.97     27.25
   0 417  2004.0383301    470298 338682.59     26.27     91.27     23.32     29.59     91.96     26.63     27.47
   0 418  2004.0654297    468674 337516.59     25.65     90.98     22.65     28.98     91.57     25.97     27.24
   0 419  2004.0925293    477142 344469.31     21.89     87.98     21.74     25.21     88.41     25.07     26.63
   0 420  2004.1196289    345487 249846.30     16.03     87.99     20.89     19.29     88.13     24.23     25.98
   0 421  2004.1467285    298172 214906.80     19.87     86.19     20.41     23.33     86.48     23.77     25.63
   0 422  2004.1738281    476092 343666.31     21.44     88.33     20.34     24.81     88.56     23.72     25.65
   0 423  2004.2009277    474119 342266.31     19.76     88.86     20.50     23.13     89.11     23.89     25.90
   0 424  2004.2280273    470822 339501.91     21.17     89.87     20.63     24.58     90.24     24.03     26.15
   0 425  2004.2551270    372082 268079.59     21.71     90.88     20.54     25.13     91.01     23.96     26.24
   0 426  2004.2822266    471224 339152.19     20.14     90.67     20.12     23.56     90.77     23.54     26.03
   0 427  2004.3093262    472110 340914.09     22.16     89.99     19.31     25.60     90.08     22.73     25.48
   0 428  2004.3363037    476921 344578.81     17.60     86.73     18.23     21.02     87.02     21.66     24.70
   0 429  2004.3634033    477941 345455.41     16.32     85.95     17.15     19.75     86.16     20.58     23.89
   0 430  2004.3905029    473436 341742.31     13.78     87.12     16.40     17.19     87.32     19.83     23.34
   0 431  2004.4176025    473252 342073.50     16.17     86.70     16.21     19.60     87.10     19.63     23.24
   0 432  2004.4447021    473971 342831.69     14.70     85.56     16.63     18.13     86.06     20.05     23.60
   0 433  2004.4718018    467352 340123.91     15.30     86.73     17.52     18.73     87.25     20.95     24.26
   0 434  2004.4989014    458791 334297.09     21.20     85.43     18.62     24.61     86.14     22.04     24.90
   0 435  2004.5260010    462796 337287.00     21.16     85.72     19.66     24.59     86.43     23.07     25.28
   0 436  2004.5531006    463404 339151.69     20.28     87.04     20.59     23.68     87.82     24.00     25.38
   0 437  2004.5802002    457299 337525.19     19.37     85.20     21.57     22.78     86.11     24.99     25.38
   0 438  2004.6072998    458059 338507.09     21.70     87.29     22.78     25.12     88.33     26.20     25.52
   0 439  2004.6343994    462752 341675.81     25.25     90.25     24.21     28.67     91.46     27.65     25.87
   0 440  2004.6614990    459012 339920.69     25.95     90.51     25.70     29.40     91.70     29.15     26.33
   0 441  2004.6885986    455495 337986.41     26.27     91.76     27.03     29.73     93.06     30.48     26.73
   0 442  2004.7156982    454286 337146.69     31.83     94.06     28.01     35.29     95.42     31.47     26.98
   0 443  2004.7426758    455985 337606.09     28.08     91.66     28.56     31.55     93.02     32.02     27.03
   0 444  2004.7697754    456651 338279.91     28.74     93.83     28.71     32.19     95.29     32.19     26.95
   0 445  2004.7968750    448557 330724.19     30.33     92.72     28.57     33.85     94.18     32.06     26.85
   0 446  2004.8239746    455041 335268.50     27.35     92.65     28.25     30.83     93.90     31.75     26.83
   0 447  2004.8510742    464627 340142.19     27.68     92.73     27.88     31.19     94.01     31.40     27.01
   0 448  2004.8781738    465279 339920.69     28.36     93.20     27.57     31.89     94.38     31.10     27.40
   0 449  2004.9052734    464174 337449.69     24.72     91.65     27.35     28.29     92.68     30.89     28.01
   0 450  2004.9323730    472545 343412.19     28.77     92.39     27.14     32.31     93.40     30.69     28.68
   0 451  2004.9594727    465370 336541.91     27.12     91.75     26.78     30.69     92.67     30.34     29.19
   0 452  2004.9865723    476543 344492.41     29.82     91.25     26.17     33.37     92.30     29.74     29.39
   0 453  2005.0136719    480503 347654.50     22.87     90.47     25.48     26.44     91.23     29.06     29.39
   0 454  2005.0408936    471913 341219.19     21.92     89.31     24.99     25.48     90.00     28.57     29.46
   0 455  2005.0679932    473593 340481.91     25.18     89.63     24.88     28.80     90.25     28.47     29.77
   0 456  2005.0952148    476228 344024.31     25.48     89.21     25.10     29.07     89.76     28.70     30.29
   0 457  2005.1223145    466345 336683.00     25.51     89.36     25.45     29.12     89.87     29.06     30.82
   0 458  2005.1495361    461152 332540.81     24.62     90.20     25.71     28.25     90.58     29.33     31.20
   0 459  2005.1766357    472179 340705.19     28.73     94.66     25.70     32.35     95.06     29.32     31.26
   0 460  2005.2038574    471294 339367.19     27.71     93.63     25.38     31.33     94.04     29.01     31.03
   0 461  2005.2310791    463174 333982.59     21.49     89.01     24.87     25.12     89.42     28.52     30.65
   0 462  2005.2581787    476494 344333.00     23.11     87.65     24.37     26.78     87.99     28.03     30.33
   0 463  2005.2854004    470714 339451.81     27.07     88.73     23.97     30.77     89.11     27.64     30.16
   0 464  2005.3125000    471636 339222.50     22.11     88.79     23.65     25.83     89.25     27.33     30.12
   0 465  2005.3397217    473976 342307.19     22.73     89.32     23.40     26.39     89.82     27.09     30.16
   0 466  2005.3668213    472900 341200.91     23.17     89.88     23.25     26.86     90.14     26.93     30.27
   0 467  2005.3940430    467604 337798.41     23.84     89.13     23.18     27.51     89.46     26.87     30.40
   0 468  2005.4211426    476225 345026.91     22.60     87.45     23.23     26.29     88.09     26.92     30.53
   0 469  2005.4483643    475936 345763.59     22.53     86.41     23.43     26.23     87.09     27.12     30.65
   0 470  2005.4754639    469886 342188.50     23.94     86.27     23.80     27.64     87.01     27.50     30.76
   0 471  2005.5026855    468733 342514.69     23.01     87.07     24.36     26.71     87.82     28.06     30.85
   0 472  2005.5299072    462250 338292.81     26.64     87.47     25.03     30.34     88.62     28.73     30.83
   0 473  2005.5570068    465255 341716.31     24.20     86.84     25.75     27.91     87.87     29.45     30.69
   0 474  2005.5842285    450068 331550.19     27.87     87.07     26.53     31.56     88.16     30.23     30.47
   0 475  2005.6113281    459773 339492.69     26.59     86.41     27.40     30.29     87.68     31.10     30.26
   0 476  2005.6385498    453254 334801.50     27.19     86.71     28.46     30.87     88.05     32.18     30.24
   0 477  2005.6656494    457145 337877.41     28.82     88.05     29.71     32.53     89.37     33.43     30.46
   0 478  2005.6928711    458036 338448.31     31.72     91.55     30.97     35.47     92.97     34.71     30.83
   0 479  2005.7199707    264644 195860.59     34.51     98.06     31.97     38.28     99.48     35.73     31.15
   0 480  2005.7471924    286221 212384.41     33.80     91.17     32.58     37.61     92.86     36.34     31.29
   0 481  2005.7742920    455479 335958.59     32.98     90.32     32.87     36.72     91.76     36.63     31.38
   0 482  2005.8015137    459638 337939.41     31.05     90.00     33.08     34.81     91.29     36.85     31.68
   0 483  2005.8287354    459149 338102.19     32.36     92.23     33.38     36.12     93.57     37.15     32.31
   0 484  2005.8558350    462631 339494.09     35.33     93.97     33.67     39.07     95.39     37.45     33.17
   0 485  2005.8830566    461343 337347.59     35.44     93.24     33.71     39.25     94.47     37.51     33.95
   0 486  2005.9101562    468586 340896.69     34.59     91.84     33.31     38.44     93.05     37.12     34.40
   0 487  2005.9373779    474087 344275.81     32.45     90.56     32.42     36.28     91.74     36.25     34.40
   0 488  2005.9644775    475044 343540.91     31.75     91.08     31.15     35.59     91.96     34.99     33.99
   0 489  2005.9916992    468136 337754.19     31.03     90.49     29.67     34.89     91.27     33.51     33.29
   0 490  2006.0187988    476820 344589.41     26.67     87.93     28.20     30.52     88.55     32.05     32.50
   0 491  2006.0460205    478073 345779.09     25.14     89.15     26.96     28.98     89.78     30.82     31.80
   0 492  2006.0731201    477347 345070.81     25.70     90.98     26.10     29.56     91.50     29.96     31.33
   0 493  2006.1003418    474363 342176.69     25.43     90.99     25.60     29.32     91.48     29.47     31.10
   0 494  2006.1275635    471268 340309.00     24.31     90.51     25.34     28.18     90.78     29.22     31.01
   0 495  2006.1546631    472863 340875.41     25.55     93.41     25.15     29.43     93.62     29.05     30.93
   0 496  2006.1818848    472819 341083.19     27.56     93.76     24.90     31.50     94.00     28.82     30.78
   0 497  2006.2089844    475620 343180.81     21.98     93.73     24.58     25.93     93.90     28.52     30.56
   0 498  2006.2362061    476364 343797.19     24.45     94.14     24.23     28.39     94.26     28.18     30.34
   0 499  2006.2633057    473165 341772.41     24.93     91.51     23.89     28.88     91.77     27.85     30.18
   0 500  2006.2905273    468984 337710.50     23.50     91.78     23.62     27.47     91.90     27.58     30.15
   0 501  2006.3176270    468527 337766.00     22.24     92.01     23.49     26.22     92.28     27.46     30.30
   0 502  2006.3448486    469505 338669.50     21.95     89.20     23.59     25.92     89.58     27.55     30.68
   0 503  2006.3719482    470274 339547.09     24.44     88.93     23.87     28.38     89.45     27.84     31.22
   0 504  2006.3991699    468090 338482.69     26.00     89.92     24.25     30.00     90.67     28.21     31.77
   0 505  2006.4263916    465774 337433.59     23.53     88.53     24.68     27.47     89.16     28.64     32.25
   0 506  2006.4534912    472568 342491.59     24.06     89.10     25.24     28.03     89.76     29.20     32.70
   0 507  2006.4807129    470933 341181.09     24.84     87.14     25.99     28.82     88.05     29.95     33.14
   0 508  2006.5078125    464728 338237.81     27.66     87.32     26.84     31.61     88.41     30.80     33.47
   0 509  2006.5350342    471183 344638.00     29.40     87.84     27.61     33.34     88.90     31.56     33.51
   0 510  2006.5621338    461473 340335.91     28.51     86.84     28.20     32.43     88.06     32.15     33.21
   0 511  2006.5893555    463670 340860.31     28.70     87.69     28.77     32.66     88.98     32.72     32.76
   0 512  2006.6164551    462538 341131.09     26.45     89.74     29.59     30.40     90.93     33.55     32.50
   0 513  2006.6436768    457060 337824.19     29.36     90.28     30.82     33.33     91.68     34.79     32.65
   0 514  2006.6707764    454000 335073.00     32.90     93.68     32.31     36.89     95.29     36.29     33.13
   0 515  2006.6979980    454593 336597.69     35.68     93.43     33.71     39.65     95.12     37.69     33.66
   0 516  2006.7252197    445333 330786.50     37.98     95.47     34.71     41.96     97.21     38.70     34.00
   0 517  2006.7523193    457157 337781.50     34.00     94.55     35.28     38.03     96.32     39.27     34.16
   0 518  2006.7795410    456290 336777.91     34.12     95.19     35.59     38.12     96.97     39.58     34.32
   0 519  2006.8066406    459510 338189.31     37.10     95.28     35.72     41.11     97.02     39.71     34.58
   0 520  2006.8338623    202198 148591.41     37.25     95.95     35.56     41.12     97.68     39.56     34.81
   0 522  2006.8881836    363471 265398.50     35.74     95.05     34.00     39.84     96.43     38.03     34.62
   0 523  2006.9152832    470449 342464.81     30.77     92.26     32.97     34.82     93.48     37.03     34.47
   0 524  2006.9425049    456740 330644.59     33.85     93.91     32.03     37.87     95.15     36.10     34.42
   0 525  2006.9696045    474820 342141.19     30.67     91.36     31.13     34.79     92.48     35.21     34.37
   0 526  2006.9968262    479049 345546.31     30.38     88.69     30.21     34.49     89.80     34.31     34.23
   0 527  2007.0240479    475941 343357.50     29.24     87.49     29.38     33.36     88.40     33.49     34.05
   0 528  2007.0511475    473843 342526.59     28.10     88.32     28.54     32.21     89.01     32.66     33.72
   0 529  2007.0783691    474141 342637.59     27.17     90.33     27.98     31.31     91.08     32.11     33.54
   0 530  2007.1054688    477273 345020.41     26.43     90.78     27.71     30.56     91.28     31.86     33.52
   0 531  2007.1326904    471659 340122.59     26.75     89.88     27.66     30.93     90.28     31.82     33.63
   0 532  2007.1597900    476175 343725.69     30.35     92.79     27.68     34.54     93.31     31.85     33.75
   0 533  2007.1870117    473853 342991.50     27.28     93.77     27.64     31.43     94.24     31.83     33.80
   0 534  2007.2141113    471908 341466.31     27.19     93.93     27.55     31.38     94.32     31.75     33.81
   0 535  2007.2413330    471503 340794.09     25.70     92.77     27.46     29.95     93.22     31.67     33.86
   0 536  2007.2684326    471559 340362.09     28.98     95.14     27.31     33.21     95.70     31.53     33.90
   0 537  2007.2956543    470179 339037.59     28.53     92.03     27.00     32.77     92.48     31.22     33.84
   0 538  2007.3227539    469644 339211.00     27.53     90.87     26.50     31.76     91.32     30.73     33.62
   0 539  2007.3499756    470522 339908.09     22.78     89.94     25.97     27.01     90.41     30.20     33.38
   0 540  2007.3771973    471140 341311.69     25.86     91.38     25.58     30.09     92.03     29.81     33.23
   0 541  2007.4042969    466877 338650.41     25.64     89.34     25.38     29.86     90.14     29.61     33.19
   0 542  2007.4315186    471788 342955.09     25.08     88.25     25.34     29.30     89.01     29.57     33.17
   0 543  2007.4586182    468766 340307.69     24.74     87.18     25.39     28.98     87.91     29.63     33.08
   0 544  2007.4858398    470049 342451.00     26.01     89.64     25.49     30.27     90.59     29.73     32.84
   0 545  2007.5129395    469444 343637.59     25.93     89.08     25.67     30.15     90.15     29.91     32.46
   0 546  2007.5401611    467941 343221.09     25.50     86.80     26.02     29.75     88.00     30.26     32.06
   0 547  2007.5672607    458483 336917.91     24.15     85.92     26.65     28.41     87.08     30.90     31.78
   0 548  2007.5944824    461196 340613.59     26.21     88.20     27.54     30.45     89.41     31.79     31.62
   0 549  2007.6215820    459402 338551.19     32.38     89.55     28.51     36.61     90.94     32.77     31.51
   0 550  2007.6488037    457271 337374.50     29.41     88.79     29.41     33.71     90.38     33.68     31.34
   0 551  2007.6760254    458180 338584.91     28.77     90.45     30.22     33.04     92.07     34.50     31.16
   0 552  2007.7031250    456527 338742.19     29.75     92.69     31.04     34.04     94.34     35.32     31.15
   0 553  2007.7303467    459425 340034.81     33.85     96.09     31.89     38.14     97.81     36.18     31.39
   0 554  2007.7574463    460207 340029.91     32.93     95.13     32.73     37.23     97.00     37.02     31.86
   0 555  2007.7846680    454195 334445.09     32.49     95.70     33.49     36.80     97.42     37.80     32.55
   0 556  2007.8117676    461911 340480.31     35.21     95.98     34.18     39.51     97.71     38.49     33.41
   0 557  2007.8389893    466125 342514.19     34.14     93.96     34.74     38.47     95.52     39.06     34.41
   0 558  2007.8660889    468747 342886.91     35.81     94.36     34.99     40.14     95.71     39.33     35.30
   0 559  2007.8933105    470314 342986.00     37.67     94.06     34.72     42.03     95.53     39.06     35.81
   0 560  2007.9204102    468617 340151.00     35.94     92.32     33.80     40.27     93.78     38.15     35.76
   0 561  2007.9476318    474628 343882.00     33.30     90.87     32.40     37.67     92.18     36.75     35.23
   0 562  2007.9748535    473456 342132.09     27.62     89.00     30.91     32.00     90.03     35.27     34.58
   0 563  2008.0019531    476034 344237.19     27.90     92.45     29.70     32.23     93.20     34.07     34.12
   0 564  2008.0290527    476137 343885.59     28.89     92.63     28.87     33.30     93.35     33.24     33.91
   0 565  2008.0561523    475078 343487.31     29.99     93.04     28.25     34.36     93.90     32.63     33.77
   0 566  2008.0832520    474284 342878.31     28.01     93.40     27.73     32.36     94.13     32.10     33.58
   0 567  2008.1103516    469457 340608.31     24.26     95.43     27.31     28.63     95.89     31.69     33.39
   0 568  2008.1374512    472247 342432.19     28.22     97.43     27.08     32.62     97.83     31.47     33.30
   0 569  2008.1645508    471955 341987.00     25.78     96.42     27.00     30.17     96.65     31.40     33.31
   0 570  2008.1916504    473616 343300.19     27.97     97.95     26.91     32.36     98.18     31.33     33.31
   0 571  2008.2187500    471839 341726.00     28.42     97.28     26.66     32.83     97.58     31.09     33.16
   0 572  2008.2458496    470159 339394.50     25.71     96.47     26.20     30.18     96.67     30.66     32.87
   0 573  2008.2728271    467494 337170.81     25.70     95.93     25.68     30.19     96.15     30.16     32.57
   0 574  2008.2999268    467193 337423.31     24.96     95.94     25.37     29.47     96.31     29.87     32.53
   0 575  2008.3270264    467233 337161.41     22.35     94.32     25.55     26.90     94.75     30.06     33.00
   0 576  2008.3541260    206250 149654.91     23.75     94.29     26.32     28.25     94.83     30.83     34.05
   0 577  2008.3812256    470327 339695.09     28.84     92.63     27.49     33.34     93.54     32.00     35.45
   0 578  2008.4083252    473764 343115.19     31.13     93.74     28.68     35.64     94.65     33.19     36.78
   0 579  2008.4354248    471754 342856.69     29.90     93.09     29.60     34.42     93.96     34.10     37.69
   0 580  2008.4625244    469543 342598.41     30.38     90.30     30.18     34.85     91.28     34.68     38.10
   0 581  2008.4896240    469691 342409.09     30.78     90.42     30.55     35.27     91.72     35.05     38.09
   0 582  2008.5167236    470399 343100.31     30.40     89.66     30.89     34.94     91.07     35.40     37.86
   0 583  2008.5438232    453357 333723.09     30.65     91.48     31.34     35.12     93.05     35.86     37.54
   0 584  2008.5709229    464546 341610.91     31.83     93.19     31.96     36.35     94.81     36.48     37.22
   0 585  2008.5980225    453914 334824.91     32.06     92.29     32.75     36.62     93.75     37.28     36.98
   0 586  2008.6251221    461833 342197.41     34.01     92.29     33.66     38.53     93.96     38.20     36.80
   0 587  2008.6522217    449514 333412.69     34.37     93.52     34.61     38.94     95.33     39.16     36.69
   0 588  2008.6793213    452704 335574.31     36.35     95.66     35.56     40.92     97.60     40.11     36.66
   0 589  2008.7062988    459219 339422.59     35.69     96.13     36.48     40.22     98.16     41.04     36.79
   0 590  2008.7333984    458701 338776.00     37.65     96.37     37.36     42.21     98.38     41.92     37.07
   0 591  2008.7604980    459803 338730.81     38.34     94.97     38.12     42.91     96.96     42.68     37.50
   0 592  2008.7875977    462887 341641.59     39.86     97.15     38.66     44.43     99.16     43.23     37.98
   0 593  2008.8146973    461830 341615.41     40.17     97.66     38.92     44.74     99.70     43.50     38.46
   0 594  2008.8417969    463265 341633.91     38.39     95.58     38.93     42.98     97.41     43.52     38.92
   0 595  2008.8688965    467062 342549.91     38.89     96.74     38.75     43.50     98.56     43.36     39.41
   0 596  2008.8959961    470775 343802.59     37.38     97.45     38.35     42.01     99.22     42.97     39.80
   0 597  2008.9230957    466757 339457.81     41.87     97.96     37.66     46.53     99.54     42.29     39.98
   0 598  2008.9501953    473247 343404.31     37.04     95.54     36.66     41.67     97.09     41.29     39.85
   0 599  2008.9772949    474888 344842.59     32.93     93.45     35.51     37.54     94.60     40.14     39.53
   0 600  2009.0043945    480419 347097.91     34.04     95.60     34.45     38.70     96.49     39.08     39.19
   0 601  2009.0314941    365228 264101.59     33.62     95.52     33.60     38.30     96.37     38.23     38.94
   0 602  2009.0587158    386469 280183.19     33.57     94.12     32.95     38.03     95.08     37.58     38.76
   0 603  2009.0858154    474756 343467.00     31.44     94.45     32.53     36.08     95.23     37.17     38.67
   0 604  2009.1130371    477825 345604.91     30.61     94.90     32.36     35.34     95.55     37.03     38.74
   0 605  2009.1402588    477484 345321.59     32.56     95.60     32.47     37.27     96.24     37.17     39.01
   0 606  2009.1673584    473448 342699.41     32.96     96.46     32.76     37.66     97.16     37.47     39.39
   0 607  2009.1945801    473057 341758.50     33.16     96.06     33.04     37.90     96.79     37.77     39.76
   0 608  2009.2216797    473110 341630.59     34.36     95.76     33.18     39.11     96.43     37.92     40.01
   0 609  2009.2489014    471775 340753.19     33.38     95.87     33.12     38.13     96.41     37.86     40.09
   0 610  2009.2760010    475278 344169.31     33.03     96.29     32.89     37.78     96.93     37.64     40.08
   0 611  2009.3032227    476995 344755.19     32.31     94.70     32.58     37.08     95.44     37.33     40.02
   0 612  2009.3303223    459657 332068.09     31.89     92.93     32.25     36.65     93.71     37.01     39.98
   0 613  2009.3575439    469780 340311.91     32.71     93.85     31.95     37.43     94.94     36.72     39.97
   0 614  2009.3846436    474995 343006.41     31.36     92.40     31.74     36.16     93.48     36.51     39.98
   0 615  2009.4118652    455007 329594.41     30.00     90.35     31.66     34.81     91.44     36.44     40.04
   0 616  2009.4390869    467826 339442.69     31.94     90.23     31.73     36.72     91.59     36.53     40.11
   0 617  2009.4661865    473977 345363.31     33.14     89.21     31.97     37.93     90.59     36.77     40.15
   0 618  2009.4934082    465863 339978.81     31.35     86.73     32.45     36.16     88.29     37.25     40.22
   0 619  2009.5205078    469962 344134.41     30.39     87.07     33.26     35.19     88.68     38.07     40.43
   0 620  2009.5477295    464301 341631.81     33.60     87.98     34.44     38.42     89.69     39.25     40.81
   0 621  2009.5748291    463691 341545.19     38.36     90.00     35.85     43.17     91.75     40.67     41.27
   0 622  2009.6020508    463510 342951.00     36.95     91.05     37.37     41.77     93.11     42.19     41.73
   0 623  2009.6291504    455996 337127.31     37.66     93.04     38.94     42.49     95.32     43.76     42.19
   0 624  2009.6563721    459260 339655.91     39.94     93.02     40.60     44.76     95.36     45.42     42.79
   0 625  2009.6834717    455786 338693.19     42.79     95.60     42.27     47.57     97.82     47.08     43.50
   0 626  2009.7106934    456840 339659.91     45.72     97.61     43.77     50.55    100.02     48.58     44.21
   0 627  2009.7379150    457762 339153.91     45.70     97.67     44.95     50.53    100.05     49.77     44.85
   0 628  2009.7650146    458896 340510.50     45.60     97.56     45.76     50.43    100.03     50.59     45.38
   0 629  2009.7922363    457616 338606.41     46.60     96.54     46.23     51.40     98.94     51.06     45.83
   0 630  2009.8193359    459165 339553.50     47.77     98.18     46.31     52.62    100.66     51.16     46.18
   0 631  2009.8465576    462386 341184.81     48.23    101.04     45.98     53.09    103.30     50.83     46.33
   0 632  2009.8736572    466695 343290.41     43.75     97.75     45.26     48.63     99.76     50.13     46.31
   0 633  2009.9008789    469112 343027.19     45.73     99.61     44.26     50.62    101.73     49.14     46.12
   0 634  2009.9279785    469405 341531.41     43.45     97.88     43.13     48.31     99.83     48.02     45.87
   0 635  2009.9552002    476380 343916.50     39.62     95.57     41.93     44.55     97.42     46.84     45.56
   0 636  2009.9822998    478229 344807.00     43.11     98.10     40.72     48.04     99.99     45.64     45.17
   0 637  2010.0095215    479471 346149.59     39.11     96.59     39.50     44.05     98.11     44.43     44.67
   0 638  2010.0367432    474607 342780.91     38.23     95.24     38.39     43.19     96.45     43.33     44.14
   0 639  2010.0638428    477018 344898.41     36.25     92.88     37.65     41.19     94.03     42.61     43.86
   0 640  2010.0910645    476048 344261.31     33.27     92.08     37.48     38.21     93.05     42.44     43.99
   0 641  2010.1181641    475819 343689.59     37.39     95.46     37.76     42.37     96.46     42.74     44.48
   0 642  2010.1453857    477464 345265.69     41.08     97.41     38.10     46.08     98.51     43.09     44.95
   0 643  2010.1724854    474860 342908.19     42.55     99.28     38.07     47.58    100.42     43.08     45.01
   0 644  2010.1997070    472967 342223.00     35.39     94.42     37.61     40.40     95.25     42.64     44.65
   0 645  2010.2268066    474134 343208.91     35.68     93.84     37.01     40.72     94.75     42.05     44.16
   0 646  2010.2540283    474656 343652.59     35.30     95.38     36.55     40.37     96.25     41.61     43.88
   0 647  2010.2811279    475849 344245.81     37.05     94.25     36.36     42.12     95.11     41.42     43.90
   0 648  2010.3083496    474384 342906.91     36.80     93.40     36.38     41.85     94.16     41.45     44.19
   0 649  2010.3355713    475226 343713.50     35.35     93.73     36.56     40.43     94.52     41.64     44.67
   0 650  2010.3626709    473414 342503.81     35.57     94.33     36.89     40.66     95.42     41.96     45.26
   0 651  2010.3898926    474028 344248.09     38.86     94.67     37.30     43.95     95.81     42.38     45.89
   0 652  2010.4169922    472607 344266.31     37.77     93.38     37.69     42.84     94.62     42.77     46.38
   0 653  2010.4442139    474038 344753.91     37.98     95.95     37.96     43.02     97.48     43.03     46.59
   0 654  2010.4713135    473040 344862.41     38.83     95.50     38.08     43.92     96.98     43.15     46.47
   0 655  2010.4985352    465837 341841.91     38.44     94.81     38.09     43.51     96.33     43.16     46.03
   0 656  2010.5256348    465527 342308.41     36.84     93.52     38.07     41.89     95.22     43.13     45.35
   0 657  2010.5528564    466639 344320.69     38.58     93.50     38.05     43.63     95.23     43.12     44.50
   0 658  2010.5799561    456255 337389.19     38.59     93.59     38.08     43.65     95.35     43.15     43.55
   0 659  2010.6071777    456573 339884.91     36.92     95.87     38.19     41.99     97.99     43.26     42.59
   0 660  2010.6343994    457465 340074.59     39.08     96.39     38.45     44.15     98.57     43.51     41.74
   0 661  2010.6614990    461879 343854.81     36.90     96.74     38.87     41.98     98.91     43.95     41.13
   0 662  2010.6887207    457084 340408.91     40.00     99.58     39.46     45.07    101.86     44.54     40.79
   0 663  2010.7158203    455980 339547.41     40.77    101.18     40.11     45.82    103.58     45.20     40.71
   0 664  2010.7430420    458483 340143.59     40.83    100.79     40.74     45.96    102.98     45.83     40.83
   0 665  2010.7701416    458095 340098.19     40.09    102.84     41.24     45.16    104.88     46.34     41.10
   0 666  2010.7973633    457347 339047.31     43.84    103.66     41.47     48.97    105.85     46.58     41.38
   0 667  2010.8244629    459884 340366.81     42.79    103.47     41.28     47.92    105.45     46.40     41.49
   0 668  2010.8516846    460914 340735.59     41.19    103.09     40.60     46.28    104.88     45.74     41.36
   0 669  2010.8787842    465273 342880.69     40.86    100.49     39.56     46.02    102.43     44.71     41.03
   0 670  2010.9060059    468596 344942.81     36.69    100.58     38.37     41.85    102.19     43.54     40.69
   0 671  2010.9332275    471969 346052.41     36.70    100.75     37.28     41.89    102.11     42.46     40.48
   0 672  2010.9603271    471186 343941.00     35.40     99.15     36.38     40.63    100.32     41.57     40.45
   0 673  2010.9875488    473692 345005.00     37.09    101.58     35.61     42.25    102.69     40.81     40.49
   0 674  2011.0146484    477744 346669.31     34.34    101.39     34.92     39.57    102.39     40.13     40.49
   0 675  2011.0418701    476283 344795.91     33.85    102.93     34.28     39.07    103.94     39.48     40.39
   0 676  2011.0689697    477872 345270.09     33.81    102.11     33.70     39.03    102.84     38.90     40.22
   0 677  2011.0961914    478381 346620.41     32.80    100.36     33.20     38.00    101.01     38.41     40.01
   0 678  2011.1232910    472395 342213.50     32.44    100.20     32.76     37.55    100.83     37.98     39.75
   0 679  2011.1505127    475539 344162.59     32.87    100.93     32.30     38.14    101.66     37.55     39.42
   0 680  2011.1776123    475199 343833.41     32.24    101.31     31.79     37.57    102.11     37.06     39.00
   0 681  2011.2048340    476492 345035.50     32.28    101.32     31.25     37.56    101.92     36.54     38.56
   0 682  2011.2320557    474642 343376.19     27.60    101.50     30.80     32.90    101.82     36.10     38.24
   0 683  2011.2591553    472706 341543.31     30.99    101.40     30.51     36.32    101.89     35.82     38.12
   0 684  2011.2863770    474082 342846.91     31.40    100.83     30.38     36.70    101.42     35.70     38.23
   0 685  2011.3134766    475303 344026.50     30.30    100.58     30.42     35.63    101.18     35.75     38.55
   0 686  2011.3406982    476138 344538.50     27.56     97.45     30.66     32.90     98.10     36.00     39.08
   0 687  2011.3677979    476026 343971.31     32.15     96.75     31.13     37.52     97.53     36.47     39.81
   0 688  2011.3950195    477413 345733.19     32.57     94.92     31.78     37.93     95.89     37.13     40.67
   0 689  2011.4221191    476756 344981.69     30.68     94.68     32.53     36.04     95.76     37.88     41.49
   0 690  2011.4493408    472182 344271.41     33.67     93.36     33.27     39.00     94.66     38.61     42.14
   0 691  2011.4764404    475331 346719.09     36.43     93.86     33.89     41.75     95.37     39.23     42.48
   0 692  2011.5036621    467652 342936.19     33.84     92.47     34.44     39.21     93.95     39.78     42.55
   0 693  2011.5308838    470802 345292.00     33.64     90.76     35.13     38.96     92.26     40.47     42.55
   0 694  2011.5579834    469814 345999.81     33.93     91.75     36.16     39.27     93.68     41.50     42.71
   0 695  2011.5852051    463339 342138.81     36.74     93.99     37.61     42.08     95.94     42.95     43.15
   0 696  2011.6123047    457768 338664.41     40.56     95.29     39.26     45.90     97.33     44.60     43.72
   0 697  2011.6395264    456277 337663.81     41.77     97.95     40.80     47.12    100.19     46.15     44.17
   0 698  2011.6666260    459005 339675.59     43.84     99.47     42.03     49.20    101.84     47.38     44.37
   0 699  2011.6938477    461635 341742.59     43.03    101.50     43.00     48.38    103.86     48.35     44.44
   0 700  2011.7209473    462023 342850.50     41.86     99.78     43.82     47.20    102.08     49.17     44.57
   0 701  2011.7481689    458084 340219.91     44.61    101.45     44.54     49.99    103.66     49.90     44.84
   0 702  2011.7752686    415932 307501.19     47.14    102.54     44.99     52.45    104.96     50.35     45.10
   0 703  2011.8024902    462404 340286.91     48.63    104.53     44.98     54.03    107.12     50.35     45.18
   0 704  2011.8297119    463084 341476.00     43.92    102.71     44.55     49.24    104.99     49.93     45.11
   0 705  2011.8568115    468188 342926.91     41.51    101.97     43.98     46.93    104.15     49.38     45.12
   0 706  2011.8840332    472091 345087.50     42.39     99.28     43.54     47.83    101.28     48.96     45.44
   0 707  2011.9111328    473604 345165.81     45.28    100.81     43.29     50.75    102.84     48.74     46.05
   0 708  2011.9383545    472902 343877.41     42.63     98.10     43.17     48.06    100.23     48.62     46.80
   0 709  2011.9654541    477214 345628.81     42.77     98.41     43.11     48.26    100.30     48.57     47.60
   0 710  2011.9926758    478282 346958.19     41.86     99.87     43.13     47.32    101.51     48.60     48.41
   0 711  2012.0197754    477116 345690.91     44.53     96.58     43.19     50.00     98.24     48.67     49.14
   0 712  2012.0468750    478919 346200.59     42.83     95.88     43.22     48.31     97.37     48.71     49.70
   0 713  2012.0739746    478284 346308.81     44.32     98.10     43.13     49.83     99.41     48.62     50.00
   0 714  2012.1010742    474452 343812.69     42.32     97.78     42.88     47.79     99.14     48.38     50.01
   0 715  2012.1281738    475075 343012.59     43.58     99.99     42.50     49.10    101.15     48.00     49.79
   0 716  2012.1552734    475344 343784.69     42.03     99.44     42.07     47.57    100.50     47.58     49.47
   0 717  2012.1823730    475426 345672.59     40.08    101.20     41.72     45.55    102.22     47.23     49.19
   0 718  2012.2093506    473093 343492.31     41.35    102.13     41.50     46.82    103.06     47.02     49.06
   0 719  2012.2364502    470884 341152.59     42.15    100.61     41.42     47.69    101.62     46.95     49.11
   0 720  2012.2635498    470149 340119.50     40.84    101.53     41.41     46.39    102.57     46.96     49.30
   0 721  2012.2906494    471557 341653.81     41.40    100.79     41.43     46.98    101.87     46.99     49.56
   0 722  2012.3177490    473340 342877.69     41.70    101.09     41.45     47.31    102.27     47.03     49.87
   0 723  2012.3448486    471954 341941.00     41.40    100.76     41.50     46.98    102.00     47.09     50.21
   0 724  2012.3719482    474835 343348.31     42.03     99.34     41.64     47.64    100.92     47.24     50.62
   0 725  2012.3990479    382120 276449.81     39.91     95.95     41.98     45.51     97.52     47.58     51.14
   0 726  2012.4261475    474541 344815.91     41.47     96.51     42.56     47.09     98.13     48.17     51.78
   0 727  2012.4532471    474699 344754.59     45.40     97.37     43.40     51.01     99.14     49.00     52.50
   0 728  2012.4803467    474183 345898.41     43.19     96.80     44.43     48.76     98.80     50.03     53.22
   0 729  2012.5074463    473591 346032.91     43.61     96.61     45.65     49.24     98.67     51.25     53.93
   0 730  2012.5345459    464726 341916.50     47.65     98.04     46.95     53.24    100.38     52.54     54.51
   0 731  2012.5616455    467199 344071.59     50.33     99.07     48.16     55.94    101.54     53.75     54.83
   0 732  2012.5887451    461509 340544.81     49.59     99.41     49.15     55.13    102.03     54.74     54.80
   0 733  2012.6158447    460673 340777.59     50.41    100.69     50.00     56.02    103.54     55.59     54.57
   0 734  2012.6428223    460985 341889.41     47.68    100.79     50.90     53.26    103.64     56.50     54.39
   0 735  2012.6699219    459586 340935.91     52.97    103.27     52.03     58.58    106.27     57.63     54.50
   0 736  2012.6970215    459640 341579.81     52.23    101.18     53.32     57.82    104.12     58.93     54.93
   0 737  2012.7241211    457530 340047.31     56.24    103.22     54.56     61.87    106.21     60.17     55.50
   0 738  2012.7512207    457432 338417.31     56.55    104.51     55.47     62.21    107.59     61.09     55.99
   0 739  2012.7783203    461231 340162.00     57.87    103.24     55.93     63.47    106.34     61.56     56.30
   0 740  2012.8054199    460745 339444.50     56.06    101.66     55.96     61.65    104.68     61.60     56.46
   0 741  2012.8325195    465094 343025.41     55.14    101.80     55.71     60.80    104.86     61.36     56.59
   0 742  2012.8596191    466020 343110.50     55.87    101.07     55.33     61.53    103.90     61.00     56.81
   0 743  2012.8867188    470122 343731.41     54.83     99.94     54.92     60.52    102.65     60.61     57.16
   0 744  2012.9138184    474659 345500.41     53.53     98.47     54.47     59.26    101.12     60.18     57.57
   0 745  2012.9409180    475215 344819.00     56.17     99.70     53.96     61.94    102.19     59.69     57.95
   0 746  2012.9680176    474120 343281.31     52.24     98.98     53.38     57.95    101.19     59.11     58.22
   0 747  2012.9951172    476573 345096.50     53.22     99.49     52.76     58.96    101.66     58.51     58.39
   0 748  2013.0222168    480485 347412.91     51.60     98.15     52.19     57.36    100.09     57.95     58.48
   0 749  2013.0494385    477083 345447.41     50.77     99.05     51.71     56.54    100.88     57.47     58.51
   0 750  2013.0765381    471426 341548.41     52.53     99.18     51.30     58.29    101.07     57.07     58.48
   0 751  2013.1037598    465510 336035.19     50.78     98.36     50.96     56.58    100.29     56.74     58.39
   0 752  2013.1308594    475220 343709.19     49.24     99.27     50.67     55.03    100.71     56.47     58.27
   0 753  2013.1580811    477051 345657.69     50.91    101.11     50.43     56.71    102.50     56.24     58.13
   0 754  2013.1851807    473368 343808.69     51.27    102.18     50.15     57.07    103.65     55.97     57.93
   0 755  2013.2124023    474185 342339.81     49.42    102.36     49.75     55.30    103.84     55.60     57.65
   0 756  2013.2395020    126848  90673.60     49.49    101.06     49.22     55.27    102.64     55.09     57.27
   0 757  2013.2667236    316938 229711.00     50.06    103.42     48.58     56.08    104.83     54.46     56.82
   0 758  2013.2939453    475589 343218.59     45.51    100.13     47.89     51.40    101.45     53.78     56.38
   0 759  2013.3210449    474215 342514.91     47.87    103.99     47.17     53.76    105.49     53.07     55.95
   0 760  2013.3482666    475644 344361.19     47.94    105.38     46.41     53.76    107.04     52.30     55.46
   0 761  2013.3753662    475963 344826.81     45.43    102.49     45.62     51.36    104.04     51.52     54.93
   0 762  2013.4025879    474101 343029.00     43.53    100.76     44.92     49.47    102.19     50.82     54.39
   0 763  2013.4296875    473214 343688.00     43.51     99.55     44.49     49.41    101.04     50.38     53.99
   0 764  2013.4569092    471993 344823.69     43.30     97.76     44.42     49.18     99.56     50.31     53.78
   0 765  2013.4840088    469465 344223.19     45.36     96.65     44.72     51.22     98.69     50.61     53.75
   0 766  2013.5112305    466869 342846.59     43.60     96.32     45.33     49.50     98.62     51.22     53.81
   0 767  2013.5383301    464314 342654.69     45.39     96.49     46.13     51.26     98.88     52.01     53.87
   0 768  2013.5655518    458963 340273.09     48.77     98.48     46.96     54.65    100.99     52.84     53.78
   0 769  2013.5927734    460153 340838.69     49.53     97.59     47.71     55.42    100.37     53.59     53.49
   0 770  2013.6198730    458082 340807.81     45.65     97.15     48.46     51.53     99.86     54.34     53.15
   0 771  2013.6470947    458729 341499.50     48.80     97.50     49.35     54.71    100.45     55.23     52.95
   0 772  2013.6741943    324848 241541.50     50.12     97.78     50.45     55.90    100.88     56.33     53.06
   0 773  2013.7014160    231407 173072.00     52.16    100.61     51.68     58.13    103.65     57.58     53.45
   0 774  2013.7285156    455622 339735.41     53.39    102.65     52.89     59.30    105.57     58.79     54.03
   0 775  2013.7557373    456046 338968.50     54.40    104.24     53.96     60.31    107.29     59.86     54.72
   0 776  2013.7828369    460340 341418.00     54.80    104.28     54.77     60.70    107.45     60.67     55.41
   0 777  2013.8100586    459829 341147.91     56.64    103.76     55.25     62.51    106.88     61.17     56.08
   0 778  2013.8371582    461245 341862.59     56.65    104.85     55.33     62.57    108.13     61.25     56.56
   0 779  2013.8643799    463200 342874.50     55.35    101.96     54.96     61.29    105.03     60.90     56.83
   0 780  2013.8914795    467069 343457.41     55.18    101.45     54.19     61.15    104.43     60.15     56.84
   0 781  2013.9187012    470338 344689.09     54.53    101.35     53.20     60.54    104.23     59.17     56.72
   0 782  2013.9459229    472435 344061.09     49.17     98.28     52.22     55.14    101.01     58.19     56.62
   0 783  2013.9730225    472649 344198.41     50.81     99.96     51.44     56.78    102.49     57.42     56.68
   0 784  2014.0002441    474777 344480.31     51.90     99.20     50.91     57.84    101.50     56.90     56.91
   0 785  2014.0273438    479198 346405.00     49.78     98.41     50.60     55.80    100.56     56.60     57.23
   0 786  2014.0545654    479078 345946.00     50.45     98.72     50.49     56.50    100.85     56.50     57.62
   0 787  2014.0816650    475842 344702.00     49.12     99.48     50.60     55.11    101.47     56.62     58.08
   0 788  2014.1088867    478633 346158.19     50.18    100.46     50.90     56.21    102.36     56.92     58.61
   0 789  2014.1359863    479010 346362.19     52.70    101.45     51.25     58.74    103.26     57.27     59.09
   0 790  2014.1632080    428108 310751.91     52.55    102.57     51.44     58.52    104.33     57.47     59.38
   0 791  2014.1903076    474291 343521.19     51.49    101.68     51.38     57.52    103.39     57.41     59.39
   0 792  2014.2175293    475886 344066.69     51.00    101.54     51.01     57.06    103.28     57.07     59.14
   0 793  2014.2447510    475282 344065.09     51.79    101.07     50.35     57.83    102.89     56.43     58.64
   0 794  2014.2718506    476233 344444.81     50.14     99.18     49.45     56.26    100.99     55.55     57.95
   0 795  2014.2990723    472628 341149.91     48.30     98.45     48.41     54.42    100.34     54.53     57.18
   0 796  2014.3261719    416953 300117.31     45.99     98.67     47.45     52.20    100.77     53.59     56.52
   0 797  2014.3533936    474778 343792.50     46.12     98.30     46.76     52.24    100.40     52.91     56.12
   0 798  2014.3804932    475210 342749.91     45.17     98.72     46.47     51.35    100.59     52.63     56.08
   0 799  2014.4077148    474262 343352.41     46.51     97.69     46.60     52.68     99.77     52.76     56.35
   0 800  2014.4348145    474442 343944.00     45.98     97.83     47.15     52.13     99.86     53.31     56.90
   0 801  2014.4620361    468074 341091.41     46.91     95.97     48.07     53.07     98.52     54.23     57.65
   0 802  2014.4891357    466369 342312.59     48.93     95.97     49.24     55.10     98.79     55.40     58.45
   0 803  2014.5163574    466506 343529.31     51.70     96.16     50.53     57.85     99.18     56.67     59.14
   0 804  2014.5435791    462956 342018.69     52.64     96.52     51.80     58.76     99.45     57.94     59.63
   0 805  2014.5706787    456997 339385.81     51.00     97.36     53.02     57.13    100.44     59.15     59.91
   0 806  2014.5979004    454296 339241.81     55.19    100.13     54.18     61.26    103.45     60.31     60.01
   0 807  2014.6250000    456174 339820.19     56.02    100.39     55.24     62.18    103.94     61.38     59.98
   0 808  2014.6522217    454705 337782.91     56.65    101.85     56.15     62.82    105.51     62.30     59.83
   0 809  2014.6793213    452959 336871.19     56.73    103.02     56.93     62.87    106.79     63.08     59.63
   0 810  2014.7065430    453209 337325.91     58.28    105.71     57.69     64.44    109.45     63.85     59.59
   0 811  2014.7336426    455151 339246.41     56.16    104.37     58.49     62.33    108.10     64.66     59.81
   0 812  2014.7608643    456883 338940.41     59.27    104.51     59.27     65.43    108.18     65.44     60.25
   0 813  2014.7879639    459452 339568.50     63.52    107.17     59.75     69.67    110.89     65.93     60.68
   0 814  2014.8151855    459382 339161.81     61.77    105.74     59.73     68.00    109.49     65.93     60.89
   0 815  2014.8424072    463162 341353.31     58.51    105.54     59.27     64.74    109.08     65.49     60.91
   0 816  2014.8695068    466127 342187.50     58.40    105.89     58.73     64.60    109.37     64.96     61.02
   0 817  2014.8967285    471898 344520.81     55.12    103.43     58.41     61.39    106.79     64.66     61.51
   0 818  2014.9238281    475884 346466.41     56.89    102.14     58.33     63.17    105.67     64.60     62.32
   0 819  2014.9510498    427135 310881.69     63.88    105.94     58.23     70.08    109.23     64.51     63.10
   0 820  2014.9781494    397441 287943.31     59.03    103.97     57.90     65.42    106.98     64.19     63.60
   0 821  2015.0053711    476527 345526.91     53.81    100.70     57.46     60.14    103.44     63.75     63.89
   0 822  2015.0324707    476224 345674.31     56.26    102.44     57.21     62.49    105.18     63.51     64.24
   0 823  2015.0596924    473520 342715.91     56.31    101.15     57.37     62.60    103.84     63.66     64.85
   0 824  2015.0867920    480021 347295.09     58.45    104.54     57.84     64.75    107.21     64.13     65.64
   0 825  2015.1140137    480035 346866.09     57.85    104.49     58.39     64.16    106.93     64.67     66.39
   0 826  2015.1412354    475853 344945.19     61.28    106.03     58.75     67.53    108.76     65.04     66.88
   0 827  2015.1683350    471726 341512.41     59.38    103.65     58.86     65.65    106.28     65.17     67.09
   0 828  2015.1955566    474495 343558.50     57.80    104.78     58.79     64.07    107.29     65.11     67.10
   0 829  2015.2226562    467929 337783.41     57.97    106.10     58.63     64.37    108.61     64.98     67.07
   0 830  2015.2498779    476760 344473.59     59.56    106.85     58.46     65.94    109.32     64.83     67.07
   0 831  2015.2769775    477155 344408.31     58.03    106.39     58.20     64.43    108.77     64.59     67.04
   0 832  2015.3041992    474532 342507.69     58.79    106.73     57.81     65.14    109.23     64.22     66.92
   0 833  2015.3312988    469276 338935.91     58.00    104.99     57.35     64.47    107.60     63.77     66.75
   0 834  2015.3585205    475506 343303.69     55.52    104.88     57.04     62.00    107.58     63.47     66.73
   0 835  2015.3856201    474461 343931.09     54.06    104.86     57.13     60.48    107.54     63.56     67.04
   0 836  2015.4128418    471767 341569.09     57.76    106.65     57.70     64.17    109.31     64.12     67.72
   0 837  2015.4400635    474184 344278.31     58.51    106.87     58.65     64.93    109.44     65.07     68.65
   0 838  2015.4671631    466626 341147.00     59.96    106.57     59.76     66.35    109.56     66.18     69.55
   0 839  2015.4943848    466718 342790.41     61.69    108.11     60.91     68.11    111.43     67.33     70.29
   0 840  2015.5214844    465567 342062.19     61.09    107.74     62.01     67.54    111.29     68.44     70.78
   0 841  2015.5487061    459407 339400.19     63.67    108.45     63.11     70.10    112.08     69.55     71.07
   0 842  2015.5758057    460586 340360.09     64.02    111.41     64.29     70.47    115.09     70.74     71.30
   0 843  2015.6030273    461553 341299.81     65.27    113.75     65.62     71.75    117.73     72.07     71.57
   0 844  2015.6301270    458500 340682.81     64.37    113.50     67.12     70.81    117.37     73.57     71.97
   0 845  2015.6573486    451879 336497.19     71.26    117.15     68.68     77.73    121.31     75.14     72.47
   0 846  2015.6844482    454890 337579.31     71.30    120.31     70.12     77.71    124.41     76.57     72.96
   0 847  2015.7116699    461345 342474.59     71.04    117.86     71.32     77.50    121.95     77.78     73.39
   0 848  2015.7388916    457725 339959.41     72.38    120.33     72.27     78.85    124.42     78.73     73.79
   0 849  2015.7659912    455690 339135.41     73.41    124.28     72.71     79.86    128.41     79.18     73.96
   0 850  2015.7932129    459454 339267.69     74.29    124.86     72.83     80.76    128.90     79.30     74.07
   0 851  2015.8203125    454349 335045.41     76.06    126.12     72.80     82.52    130.18     79.28     74.31
   0 852  2015.8475342    463914 340391.91     72.26    124.23     72.74     78.79    128.06     79.22     74.75
   0 853  2015.8746338    460300 336733.19     69.87    122.14     72.68     76.33    125.94     79.17     75.37
   0 854  2015.9018555    472252 344335.41     73.04    123.58     72.63     79.59    127.29     79.12     76.13
